18
 , , 1 2 3
 1, 2, 3
 , 2, 1 3
 , 3, 1 2
 1 4, 3, 2
 2 4, 3, 1
 1 2,5,3 4
 5,2 3,1 4
 1 4, 2 5 8 9, 3 6 7 10
 1 2 7 8 11 12 15 16 17 22 25 26, 3 14 23 28, 4 5 6 9 10 13 18 19 20 21 24 27
 19 20 21 24, 1 2 3 6 7 8 9 10 11 14 15 16 17 22 25 28 29 30, 4 5 12 13 18 23 26 27
 1 4 7 10 13 16 19 22 25 28 31 34 37 40 43 46 49 52 55 58 61 64, 2 5 8 11 14 17 20 23 26 29 32 35 38 41 44 47 50 53 56 59 62,3 6 9 12 15 18 21 24 27 30 33 36 39 42 45 48 51 54 57 60 63
 1 4,3,2
 1,2,3 4
 2,3,1 4
1 3 4,2,
4,1 2,3
3,,1 2